4.411374930637736447e-01 5.588625069362264108e-01
4.418506557486469033e-01 5.581493442513528747e-01
4.399685320775160169e-01 5.600314679224840386e-01
4.397076426494871404e-01 5.602923573505129706e-01
4.408431678532686582e-01 5.591568321467312863e-01
4.382601722961731450e-01 5.617398277038269105e-01
4.388907163914185228e-01 5.611092836085813662e-01
4.384030368595279725e-01 5.615969631404722495e-01
4.399794578407753565e-01 5.600205421592246990e-01
4.402403011290604296e-01 5.597596988709395704e-01
4.399485390786328498e-01 5.600514609213671502e-01
4.412670680784784860e-01 5.587329319215212919e-01
4.404362086458747938e-01 5.595637913541252617e-01
4.400549593723190878e-01 5.599450406276810233e-01
4.380022590190986165e-01 5.619977409809013835e-01
4.396567244303642430e-01 5.603432755696355905e-01
4.381473548272174501e-01 5.618526451727825499e-01
4.408038190999446493e-01 5.591961809000555172e-01
4.411913844338501423e-01 5.588086155661499133e-01
4.405235461150068255e-01 5.594764538849933411e-01
4.422215542115065512e-01 5.577784457884932268e-01
4.401574087538664970e-01 5.598425912461336695e-01
4.407528205218445017e-01 5.592471794781553873e-01
4.386158399207366054e-01 5.613841600792633946e-01
4.405336874131795533e-01 5.594663125868205578e-01
4.380917559720149401e-01 5.619082440279850044e-01
4.386993672795937993e-01 5.613006327204063117e-01
4.411812575031763273e-01 5.588187424968236172e-01
4.396742320644880797e-01 5.603257679355119203e-01
4.390639804160682003e-01 5.609360195839316887e-01
4.400906155273483500e-01 5.599093844726515945e-01
4.393936889752576014e-01 5.606063110247423431e-01
4.413041430163285872e-01 5.586958569836714128e-01
4.398356305669489097e-01 5.601643694330510348e-01
4.409052085629922568e-01 5.590947914370077987e-01
4.397624681723327211e-01 5.602375318276672234e-01
4.388354078823122895e-01 5.611645921176875440e-01
4.416038312665499510e-01 5.583961687334498825e-01
4.410921430757084316e-01 5.589078569242916794e-01
4.399792484955761807e-01 5.600207515044238749e-01
4.394678623889732849e-01 5.605321376110267151e-01
4.398616976035998882e-01 5.601383023963999452e-01
4.398713282175772954e-01 5.601286717824226491e-01
4.409342741126867637e-01 5.590657258873132918e-01
4.377585056361791294e-01 5.622414943638208706e-01
4.396219104138315292e-01 5.603780895861685263e-01
4.389259008362798586e-01 5.610740991637200858e-01
4.420083464095981851e-01 5.579916535904018149e-01
4.384678080790574417e-01 5.615321919209426138e-01
4.419514539853011681e-01 5.580485460146989984e-01
4.415426467947553002e-01 5.584573532052448108e-01
4.399042461518819502e-01 5.600957538481179387e-01
4.393550483265365458e-01 5.606449516734633987e-01
4.391727101115179277e-01 5.608272898884821833e-01
4.392366994001102309e-01 5.607633005998897691e-01
4.386654319475327690e-01 5.613345680524672865e-01
4.398037122667420307e-01 5.601962877332579138e-01
4.405064986979963515e-01 5.594935013020038150e-01
4.395558076660627811e-01 5.604441923339371634e-01
4.383907655338211695e-01 5.616092344661787195e-01
4.418342094635723805e-01 5.581657905364277861e-01
4.413703557116901433e-01 5.586296442883099678e-01
4.412441227540785382e-01 5.587558772459214618e-01
4.394723540148710028e-01 5.605276459851291637e-01
4.403173419218671114e-01 5.596826580781328886e-01
4.386100523932975892e-01 5.613899476067024663e-01
4.399748065557559928e-01 5.600251934442441737e-01
4.419002124205352322e-01 5.580997875794646568e-01
4.384734509057918728e-01 5.615265490942081827e-01
4.408422612462004064e-01 5.591577387537995936e-01
4.401864693052738309e-01 5.598135306947261691e-01
4.406543022545781341e-01 5.593456977454217549e-01
4.369180621328216940e-01 5.630819378671781950e-01
4.412481488676159302e-01 5.587518511323842363e-01
4.405004153242602083e-01 5.594995846757395697e-01
4.377511682427908668e-01 5.622488317572090777e-01
4.399412167426913212e-01 5.600587832573087343e-01
4.401552747217445383e-01 5.598447252782554617e-01
4.395562356870011955e-01 5.604437643129988045e-01
4.396530057211308629e-01 5.603469942788692482e-01
4.393771661310512111e-01 5.606228338689488444e-01
4.400313637804244005e-01 5.599686362195755995e-01
4.397430693710413507e-01 5.602569306289588713e-01
4.389230252442567481e-01 5.610769747557432519e-01
4.406451401211630148e-01 5.593548598788371518e-01
4.381296862463582853e-01 5.618703137536416037e-01
4.390110883604684267e-01 5.609889116395315733e-01
4.397718654090037038e-01 5.602281345909962962e-01
4.396334104413058275e-01 5.603665895586941170e-01
4.397459757893151244e-01 5.602540242106850421e-01
4.398583690735320406e-01 5.601416309264680704e-01
4.390251052814916344e-01 5.609748947185084766e-01
4.395547633423951273e-01 5.604452366576049283e-01
4.396902147364510349e-01 5.603097852635489096e-01
4.389063246383731465e-01 5.610936753616266870e-01
4.396613299031946753e-01 5.603386700968054912e-01
4.414838399227459798e-01 5.585161600772539092e-01
4.402105483487033788e-01 5.597894516512964547e-01
4.391375758240501637e-01 5.608624241759497808e-01
4.387643156634796759e-01 5.612356843365203796e-01
4.411509574815523083e-01 5.588490425184478028e-01
4.396173506983782064e-01 5.603826493016216270e-01
4.419684680683004796e-01 5.580315319316995204e-01
4.402818774958395798e-01 5.597181225041604202e-01
4.390349047422315021e-01 5.609650952577684979e-01
4.406088941993966390e-01 5.593911058006034720e-01
4.390920931891173495e-01 5.609079068108826505e-01
4.386633616298286631e-01 5.613366383701714479e-01
4.370584956761842665e-01 5.629415043238158445e-01
4.414727225029370095e-01 5.585272774970629905e-01
4.401314050606163208e-01 5.598685949393836792e-01
4.382542089705416255e-01 5.617457910294583190e-01
4.399084113653543016e-01 5.600915886346458095e-01
4.413478097096164565e-01 5.586521902903834880e-01
4.397518284206539674e-01 5.602481715793459216e-01
4.418941182810225965e-01 5.581058817189774590e-01
4.394304150819565713e-01 5.605695849180435397e-01
4.395702903773020531e-01 5.604297096226981134e-01
4.395688347946690722e-01 5.604311652053308723e-01
4.387446158426211440e-01 5.612553841573788560e-01
4.414474004627408910e-01 5.585525995372589980e-01
4.402058655826110445e-01 5.597941344173889000e-01
4.418958667517420835e-01 5.581041332482580275e-01
4.394960488941074273e-01 5.605039511058926838e-01
4.407124698646183170e-01 5.592875301353815720e-01
4.383389871051308062e-01 5.616610128948691383e-01
4.403725883920785455e-01 5.596274116079215100e-01
4.393850443051641741e-01 5.606149556948356594e-01
4.394048570841365131e-01 5.605951429158634314e-01
4.392432939246447843e-01 5.607567060753553267e-01
4.414695171783200034e-01 5.585304828216800521e-01
4.392338662896959067e-01 5.607661337103041488e-01
4.409082707742698060e-01 5.590917292257301385e-01
4.394842511779677996e-01 5.605157488220321449e-01
4.410558951245511783e-01 5.589441048754487662e-01
4.418553445487595766e-01 5.581446554512405900e-01
4.410923477516982549e-01 5.589076522483018561e-01
4.407390681855455350e-01 5.592609318144543540e-01
4.394657151730830269e-01 5.605342848269170286e-01
4.404133054677311088e-01 5.595866945322688357e-01
4.385201078859679580e-01 5.614798921140319310e-01
4.383262721192532907e-01 5.616737278807467648e-01
4.406703091630727598e-01 5.593296908369270737e-01
4.394753942322917606e-01 5.605246057677083504e-01
4.417947413140001500e-01 5.582052586859997945e-01
4.397828620459439120e-01 5.602171379540560325e-01
4.392463252657904382e-01 5.607536747342097838e-01
4.395609962847681351e-01 5.604390037152320314e-01
4.406218014356466095e-01 5.593781985643533350e-01
4.407868427311206760e-01 5.592131572688792129e-01
4.389149375965388789e-01 5.610850624034611211e-01
4.397505055338873370e-01 5.602494944661127185e-01
4.408595727013015497e-01 5.591404272986985058e-01
4.396643188961336102e-01 5.603356811038663343e-01
4.405992391494066851e-01 5.594007608505934259e-01
4.394643213484187849e-01 5.605356786515812706e-01
4.405192736031392498e-01 5.594807263968607502e-01
4.385654007432674972e-01 5.614345992567324473e-01
4.398711351208269837e-01 5.601288648791730163e-01
4.394252160781429439e-01 5.605747839218572226e-01
4.396574964284167830e-01 5.603425035715832170e-01
4.392334864105890135e-01 5.607665135894110975e-01
4.410361513883814255e-01 5.589638486116186300e-01
4.396718673812470835e-01 5.603281326187528055e-01
4.407575357089240087e-01 5.592424642910760468e-01
4.398978532057986057e-01 5.601021467942011167e-01
4.422446082515986698e-01 5.577553917484013857e-01
4.395609328069796651e-01 5.604390671930202794e-01
4.397521433424156356e-01 5.602478566575844754e-01
4.387461038691204407e-01 5.612538961308793928e-01
4.398595732514097856e-01 5.601404267485901034e-01
4.409298162132214705e-01 5.590701837867785295e-01
4.400623130758864465e-01 5.599376869241137200e-01
4.397924261712981009e-01 5.602075738287018991e-01
4.389732290353389188e-01 5.610267709646610257e-01
4.405641169345103636e-01 5.594358830654895254e-01
4.386580294557936854e-01 5.613419705442062035e-01
4.394592774320554840e-01 5.605407225679445160e-01
4.398875879255359500e-01 5.601124120744638279e-01
4.400551284954984377e-01 5.599448715045014513e-01
4.395020877212395538e-01 5.604979122787605572e-01
4.407833316010184577e-01 5.592166683989815423e-01
4.400365845964694933e-01 5.599634154035305622e-01
4.382706353863281556e-01 5.617293646136717333e-01
4.390914262702413917e-01 5.609085737297587748e-01
4.401557978815473504e-01 5.598442021184525386e-01
4.397280740287777268e-01 5.602719259712222177e-01
4.398334653086801715e-01 5.601665346913198285e-01
4.404887510371829351e-01 5.595112489628171204e-01
4.404556251618583218e-01 5.595443748381417892e-01
4.377541239212582869e-01 5.622458760787417686e-01
4.390707207025608128e-01 5.609292792974389652e-01
4.385749492900953839e-01 5.614250507099044496e-01
4.407114118925987145e-01 5.592885881074013410e-01
4.409194070426694645e-01 5.590805929573307020e-01
4.396721458235862690e-01 5.603278541764136200e-01
4.416017561333966390e-01 5.583982438666033055e-01
4.388569214501906179e-01 5.611430785498093821e-01
4.399353919064956653e-01 5.600646080935044457e-01
4.383483836966788338e-01 5.616516163033211662e-01
4.388036155851219866e-01 5.611963844148780689e-01
4.402936599167962539e-01 5.597063400832038571e-01
4.387355999460850198e-01 5.612644000539150912e-01
4.388158343106397519e-01 5.611841656893601371e-01
4.396993091691091537e-01 5.603006908308908463e-01
4.392937141343261076e-01 5.607062858656737259e-01
4.398881589385661428e-01 5.601118410614339682e-01
4.407587123179412814e-01 5.592412876820586076e-01
4.400565928885442069e-01 5.599434071114558487e-01
4.405741018819368526e-01 5.594258981180632029e-01
4.382734238572707497e-01 5.617265761427292503e-01
4.401232395846920165e-01 5.598767604153080946e-01
4.400053145083669404e-01 5.599946854916328931e-01
4.410458417641220930e-01 5.589541582358779070e-01
4.391321027261008147e-01 5.608678972738991853e-01
4.395394823874810286e-01 5.604605176125189159e-01
4.392409147910562583e-01 5.607590852089437972e-01
4.397134271931488203e-01 5.602865728068511242e-01
4.417205825770326166e-01 5.582794174229674944e-01
4.415614007140309938e-01 5.584385992859689507e-01
4.402882137460352729e-01 5.597117862539646715e-01
4.401790144467199739e-01 5.598209855532801926e-01
4.418655781907748215e-01 5.581344218092250120e-01
4.399699718628459766e-01 5.600300281371539679e-01
4.402605941987715599e-01 5.597394058012283846e-01
4.377773103362915808e-01 5.622226896637082527e-01
4.397530586079175796e-01 5.602469413920824204e-01
4.378789352153701908e-01 5.621210647846298647e-01
4.405752772714214283e-01 5.594247227285784607e-01
4.393956639663993413e-01 5.606043360336006032e-01
4.393692199570548018e-01 5.606307800429451982e-01
4.406682381392096892e-01 5.593317618607901442e-01
4.401411731948840500e-01 5.598588268051160055e-01
4.394430074255799568e-01 5.605569925744201543e-01
4.394959445104709150e-01 5.605040554895288629e-01
4.402270179539191641e-01 5.597729820460807248e-01
4.397534776245917154e-01 5.602465223754082846e-01
4.404716641706130087e-01 5.595283358293867693e-01
4.418011667367244821e-01 5.581988332632754624e-01
4.396875754756657262e-01 5.603124245243342738e-01
4.404858549301248760e-01 5.595141450698751795e-01
4.412167186554505349e-01 5.587832813445494651e-01
4.381966766819355152e-01 5.618033233180642627e-01
4.397178732278967939e-01 5.602821267721030951e-01
4.394620178441007718e-01 5.605379821558991171e-01
4.415680217890255443e-01 5.584319782109744557e-01
4.395556664568592287e-01 5.604443335431408268e-01
4.406037537547806693e-01 5.593962462452192197e-01
4.401379816303319648e-01 5.598620183696679797e-01
4.394032836913570605e-01 5.605967163086429395e-01
4.401239774510386504e-01 5.598760225489615161e-01
4.394473863951053882e-01 5.605526136048946118e-01
4.410190308341510046e-01 5.589809691658488289e-01
4.398189427431620779e-01 5.601810572568379776e-01
4.412362366415241155e-01 5.587637633584758845e-01
4.386831415449877758e-01 5.613168584550122242e-01
4.393903594006084989e-01 5.606096405993915566e-01
4.406512054653817234e-01 5.593487945346181656e-01
4.385917760836563484e-01 5.614082239163438182e-01
4.415728929454131313e-01 5.584271070545869797e-01
4.403086475909620545e-01 5.596913524090380010e-01
4.408761545856390573e-01 5.591238454143608871e-01
4.429480027317909685e-01 5.570519972682090870e-01
4.398950375091824627e-01 5.601049624908175373e-01
4.397171351168233100e-01 5.602828648831766900e-01
4.399806890480235655e-01 5.600193109519765455e-01
4.408979255931311236e-01 5.591020744068690984e-01
4.399066129671889147e-01 5.600933870328109743e-01
4.402954796090775003e-01 5.597045203909223332e-01
4.405516780592674264e-01 5.594483219407326846e-01
4.425724362081568941e-01 5.574275637918432169e-01
4.413536184362605863e-01 5.586463815637395802e-01
4.404536439764116240e-01 5.595463560235884870e-01
4.391014895046520539e-01 5.608985104953478906e-01
4.409058376774137589e-01 5.590941623225863522e-01
4.394563342626964797e-01 5.605436657373035203e-01
4.396042622331636784e-01 5.603957377668364881e-01
4.393663143343735089e-01 5.606336856656263246e-01
4.396322220098908828e-01 5.603677779901091727e-01
4.409051471639733877e-01 5.590948528360264458e-01
4.408511843454918644e-01 5.591488156545082466e-01
4.407558714064006011e-01 5.592441285935993989e-01
4.411554591835019079e-01 5.588445408164980366e-01
4.400647916067366716e-01 5.599352083932633839e-01
4.419437529625996897e-01 5.580562470374003103e-01
4.409804813282187652e-01 5.590195186717812348e-01
4.393377026632998561e-01 5.606622973367000329e-01
4.418740521799622289e-01 5.581259478200376600e-01
4.387491592770229043e-01 5.612508407229772622e-01
4.395823012766843507e-01 5.604176987233157048e-01
4.427033940832318382e-01 5.572966059167681063e-01
4.406225075074584607e-01 5.593774924925414282e-01
4.384258751222661066e-01 5.615741248777339489e-01
4.393414448871940103e-01 5.606585551128060452e-01
4.399810084460995530e-01 5.600189915539005581e-01
4.393976084894595791e-01 5.606023915105403654e-01
4.433467282949550281e-01 5.566532717050450829e-01
4.398383052984161101e-01 5.601616947015837233e-01
4.404862431657995403e-01 5.595137568342004597e-01
4.404783839603736428e-01 5.595216160396261351e-01
4.413596779842192119e-01 5.586403220157808436e-01
4.406548536676606065e-01 5.593451463323394490e-01
4.406442247131993062e-01 5.593557752868006938e-01
4.412878702117012386e-01 5.587121297882988724e-01
4.380197243694376463e-01 5.619802756305625202e-01
4.388674985575879428e-01 5.611325014424121127e-01
4.418650277001425764e-01 5.581349722998576457e-01
4.395938687684493584e-01 5.604061312315505861e-01
4.403873747834581298e-01 5.596126252165418702e-01
4.403655316381601126e-01 5.596344683618397209e-01
4.402844636517784238e-01 5.597155363482215762e-01
4.399918017692402983e-01 5.600081982307596462e-01
4.418146601558469722e-01 5.581853398441530834e-01
4.399092865363499194e-01 5.600907134636501361e-01
4.411583312122699940e-01 5.588416687877300060e-01
4.399072294523749815e-01 5.600927705476249630e-01
4.387423858848559788e-01 5.612576141151439657e-01
4.371206256133942647e-01 5.628793743866057353e-01
4.384416888399588763e-01 5.615583111600411792e-01
4.402727723631712498e-01 5.597272276368289168e-01
4.406852880717562204e-01 5.593147119282438906e-01
4.403288129835639664e-01 5.596711870164360336e-01
4.389829823792698038e-01 5.610170176207304182e-01
4.402198866894412865e-01 5.597801133105586580e-01
4.401010745294373638e-01 5.598989254705627472e-01
4.390263844538460636e-01 5.609736155461538809e-01
4.403655511896093500e-01 5.596344488103905945e-01
4.406251934617054777e-01 5.593748065382945223e-01
4.410909044351380981e-01 5.589090955648619019e-01
4.412747827537944478e-01 5.587252172462056077e-01
4.421775881118854556e-01 5.578224118881145444e-01
4.403613925103220805e-01 5.596386074896778640e-01
4.399273481424280652e-01 5.600726518575719348e-01
4.402699206461919146e-01 5.597300793538079189e-01
4.391240970405295152e-01 5.608759029594704293e-01
4.373757262573859661e-01 5.626242737426141449e-01
4.412544663097464070e-01 5.587455336902534819e-01
4.395625553346824144e-01 5.604374446653174191e-01
4.398535699631264673e-01 5.601464300368736993e-01
4.410749411224956784e-01 5.589250588775044326e-01
4.400444578898485282e-01 5.599555421101514163e-01
4.408024100903361053e-01 5.591975899096640612e-01
4.392050148791559194e-01 5.607949851208442471e-01
4.397039905510329305e-01 5.602960094489669585e-01
4.391666889677771635e-01 5.608333110322227810e-01
4.392292526440539913e-01 5.607707473559461198e-01
4.408669608723220223e-01 5.591330391276780887e-01
4.418452732392346705e-01 5.581547267607653851e-01
4.394034539413801954e-01 5.605965460586199711e-01
4.391583373909203059e-01 5.608416626090796386e-01
4.388860610726249556e-01 5.611139389273750444e-01
4.401998973914370561e-01 5.598001026085628329e-01
4.397689087075127845e-01 5.602310912924872710e-01
4.400898253029267848e-01 5.599101746970732707e-01
4.386419127745193602e-01 5.613580872254805287e-01
4.407267113577290063e-01 5.592732886422709937e-01
4.390327260745667814e-01 5.609672739254334406e-01
4.402798058443367357e-01 5.597201941556630977e-01
4.394685981348336323e-01 5.605314018651663677e-01
4.376289856925397181e-01 5.623710143074601708e-01
4.388424090960734159e-01 5.611575909039265841e-01
4.416600641806485705e-01 5.583399358193512629e-01
4.406792180975804274e-01 5.593207819024196281e-01
4.393986955418381357e-01 5.606013044581618088e-01
4.399331233335263547e-01 5.600668766664737008e-01
4.415568197030335096e-01 5.584431802969663794e-01
4.395895598072250832e-01 5.604104401927747503e-01
4.390863194577092066e-01 5.609136805422906269e-01
4.389881786339227543e-01 5.610118213660770792e-01
4.398508129962492297e-01 5.601491870037508258e-01
4.398083809161119628e-01 5.601916190838881482e-01
4.399790410438875199e-01 5.600209589561122581e-01
4.409957225617174292e-01 5.590042774382826263e-01
4.396955844145492009e-01 5.603044155854507435e-01
4.396427917138524544e-01 5.603572082861475456e-01
4.401306410618337495e-01 5.598693589381663616e-01
4.379450736008086431e-01 5.620549263991913014e-01
4.386012044683249012e-01 5.613987955316750433e-01
4.403883445585919931e-01 5.596116554414080069e-01
4.407765463651481808e-01 5.592234536348518192e-01
4.402739819996664972e-01 5.597260180003335028e-01
4.392927582172687084e-01 5.607072417827311250e-01
4.404949733360514208e-01 5.595050266639484127e-01
4.404396333014244935e-01 5.595603666985756730e-01
4.409785983049160363e-01 5.590214016950840747e-01
4.400691340526331485e-01 5.599308659473669625e-01
4.404671639916237780e-01 5.595328360083761110e-01
4.393525247582175108e-01 5.606474752417822671e-01
4.400086799346110134e-01 5.599913200653888756e-01
4.416221669387275783e-01 5.583778330612724217e-01
4.382330338798069991e-01 5.617669661201928344e-01
4.435473778939566514e-01 5.564526221060431821e-01
4.389945573761750430e-01 5.610054426238250125e-01
4.396511358849404250e-01 5.603488641150595750e-01
4.387880236588533878e-01 5.612119763411465012e-01
4.417113420666468060e-01 5.582886579333533605e-01
4.396743501064616644e-01 5.603256498935382801e-01
4.398158850962545219e-01 5.601841149037454226e-01
4.399273718630880570e-01 5.600726281369119430e-01
4.408799712601979559e-01 5.591200287398020441e-01
4.402810003909763958e-01 5.597189996090238262e-01
4.396660810339153569e-01 5.603339189660844211e-01
4.395077345837310467e-01 5.604922654162689533e-01
4.405430363454685971e-01 5.594569636545314584e-01
4.398014838864333087e-01 5.601985161135667468e-01
4.409766625083271774e-01 5.590233374916727671e-01
4.395230800970468255e-01 5.604769199029530080e-01
4.399300591358036860e-01 5.600699408641962584e-01
4.408965499253280629e-01 5.591034500746718816e-01
4.386940900735931681e-01 5.613059099264067209e-01
4.380736221316203771e-01 5.619263778683796229e-01
4.381188037450238770e-01 5.618811962549762340e-01
4.400733593245003128e-01 5.599266406754995762e-01
4.406053603465483470e-01 5.593946396534515975e-01
4.389358355217337082e-01 5.610641644782664583e-01
4.401770416642206696e-01 5.598229583357794414e-01
4.394306002585561810e-01 5.605693997414438190e-01
4.398808892745487142e-01 5.601191107254511747e-01
4.388527939770986985e-01 5.611472060229013570e-01
4.403026307341145751e-01 5.596973692658853139e-01
4.401006135341531955e-01 5.598993864658468045e-01
4.414588404725423021e-01 5.585411595274577534e-01
4.401387903861713191e-01 5.598612096138286809e-01
4.396760497641779009e-01 5.603239502358220436e-01
4.408962397789055188e-01 5.591037602210945368e-01
4.393928340210431216e-01 5.606071659789568784e-01
4.410439264459447561e-01 5.589560735540551883e-01
4.414240501519943183e-01 5.585759498480057372e-01
4.399136357519483065e-01 5.600863642480515825e-01
4.411643018683282236e-01 5.588356981316716654e-01
4.416724491945414610e-01 5.583275508054585945e-01
4.412806608171557787e-01 5.587193391828442213e-01
4.394050377487733750e-01 5.605949622512266250e-01
4.385330317052432703e-01 5.614669682947568408e-01
4.428142459504059159e-01 5.571857540495939176e-01
4.405547315026949740e-01 5.594452684973048040e-01
4.392954769134157500e-01 5.607045230865843610e-01
4.393807668397816113e-01 5.606192331602184442e-01
4.397674866954248696e-01 5.602325133045751304e-01
4.407300511326694425e-01 5.592699488673305019e-01
4.408449864098125670e-01 5.591550135901874885e-01
4.401885511624694658e-01 5.598114488375306452e-01
4.400572732157908007e-01 5.599427267842091993e-01
4.408342589024200064e-01 5.591657410975802156e-01
4.399266393686928622e-01 5.600733606313073043e-01
4.385441499991452607e-01 5.614558500008548503e-01
4.400319251834617917e-01 5.599680748165384303e-01
4.392412077288517791e-01 5.607587922711483319e-01
4.407037205815367842e-01 5.592962794184631603e-01
4.402904561872717504e-01 5.597095438127283051e-01
4.404565218804894489e-01 5.595434781195105511e-01
4.400857165851505548e-01 5.599142834148496117e-01
4.399356373273587417e-01 5.600643626726412583e-01
4.413592533796601991e-01 5.586407466203398009e-01
4.402811585256055649e-01 5.597188414743945462e-01
4.412987919176547535e-01 5.587012080823452465e-01
4.394484077726908966e-01 5.605515922273088814e-01
4.404781850663496701e-01 5.595218149336503854e-01
4.410634080881729591e-01 5.589365919118270964e-01
4.386596991111046395e-01 5.613403008888953050e-01
4.413157254081373493e-01 5.586842745918626507e-01
4.389165389524804506e-01 5.610834610475196049e-01
4.393637400240871238e-01 5.606362599759129317e-01
4.389970965364838884e-01 5.610029034635160006e-01
4.402608249132357043e-01 5.597391750867644067e-01
4.384484008149032164e-01 5.615515991850966726e-01
4.402778723004017181e-01 5.597221276995981709e-01
4.390984734859380012e-01 5.609015265140619988e-01
4.404500927926497944e-01 5.595499072073503166e-01
4.413023722809743532e-01 5.586976277190258688e-01
4.412614186441783382e-01 5.587385813558216618e-01
4.403227190764525401e-01 5.596772809235475155e-01
4.395774413435252215e-01 5.604225586564748340e-01
4.390624959034390429e-01 5.609375040965611792e-01
4.392337890946512724e-01 5.607662109053488386e-01
4.388684621189425927e-01 5.611315378810574073e-01
4.394723964220544898e-01 5.605276035779452881e-01
4.401971701074701704e-01 5.598028298925298296e-01
4.401236220005189659e-01 5.598763779994809786e-01
4.412769423813021064e-01 5.587230576186980047e-01
4.392043698301739685e-01 5.607956301698260315e-01
4.394046622165448945e-01 5.605953377834549389e-01
4.393111952281429922e-01 5.606888047718570078e-01
4.411930478292587221e-01 5.588069521707412779e-01
4.397630116263810951e-01 5.602369883736190159e-01
4.406381636852377826e-01 5.593618363147619954e-01
4.392874873767903532e-01 5.607125126232095358e-01
4.397537513906887296e-01 5.602462486093111593e-01
4.396918544911412319e-01 5.603081455088589902e-01
4.397208516245573739e-01 5.602791483754425705e-01
4.406151025778443087e-01 5.593848974221558024e-01
4.405524661905063644e-01 5.594475338094936356e-01
4.395873863616835964e-01 5.604126136383164036e-01
4.406649046098065070e-01 5.593350953901934375e-01
4.385545786679596048e-01 5.614454213320404508e-01
4.403167906452686853e-01 5.596832093547311482e-01
4.410884505023620061e-01 5.589115494976378828e-01
4.412190410230246718e-01 5.587809589769754393e-01
4.405051962507842145e-01 5.594948037492156745e-01
4.391030910360056438e-01 5.608969089639944672e-01
4.398446259292830285e-01 5.601553740707169160e-01
4.401916294276476127e-01 5.598083705723523318e-01
4.405907516651065836e-01 5.594092483348935829e-01
4.385279150096079714e-01 5.614720849903919175e-01
4.373118033552990669e-01 5.626881966447009331e-01
4.405334753167706729e-01 5.594665246832295491e-01
4.398949313086091273e-01 5.601050686913908727e-01
4.404802406113300650e-01 5.595197593886699350e-01
4.402571310103012836e-01 5.597428689896988274e-01
4.398252617378627383e-01 5.601747382621372617e-01
4.395534307747095970e-01 5.604465692252903475e-01
4.400117921507529783e-01 5.599882078492470772e-01
4.404705187084405060e-01 5.595294812915594385e-01
4.407205952120239467e-01 5.592794047879761088e-01
4.393409516155989403e-01 5.606590483844009487e-01
4.403046163849340111e-01 5.596953836150658779e-01
4.402607123034457670e-01 5.597392876965542330e-01
4.416176890438776037e-01 5.583823109561223408e-01
4.403744371403425784e-01 5.596255628596574772e-01
4.391662441104068892e-01 5.608337558895931663e-01
4.414052647924300299e-01 5.585947352075699701e-01
4.396032065431295099e-01 5.603967934568703235e-01
4.405111872723759814e-01 5.594888127276240741e-01
4.395476294221234426e-01 5.604523705778765574e-01
4.402972273815753401e-01 5.597027726184244933e-01
4.395890024118784267e-01 5.604109975881216288e-01
4.395632498175564007e-01 5.604367501824437658e-01
4.408807062338775395e-01 5.591192937661224605e-01
4.381698503984476911e-01 5.618301496015520868e-01
4.397489500335087786e-01 5.602510499664912214e-01
4.402794235548938562e-01 5.597205764451060883e-01
4.392226149989849615e-01 5.607773850010150385e-01
4.381328870069018944e-01 5.618671129930981056e-01
4.392564416621535517e-01 5.607435583378465038e-01
4.388497533510783977e-01 5.611502466489215468e-01
4.394780525225162604e-01 5.605219474774837396e-01
4.405538271500803460e-01 5.594461728499198205e-01
4.398349705989391678e-01 5.601650294010606101e-01
4.393334041507814813e-01 5.606665958492185187e-01
4.407471569005533829e-01 5.592528430994466726e-01
4.406868116906058619e-01 5.593131883093941381e-01
4.404435619942458358e-01 5.595564380057540532e-01
4.416726502629813034e-01 5.583273497370188077e-01
4.402563143627938325e-01 5.597436856372061120e-01
4.404916408683403062e-01 5.595083591316596383e-01
4.386558578496697614e-01 5.613441421503302386e-01
4.390065122516338403e-01 5.609934877483661042e-01
4.399204179425830197e-01 5.600795820574169248e-01
4.392151700048001484e-01 5.607848299951997406e-01
4.380263127274371393e-01 5.619736872725626942e-01
4.411087273333331726e-01 5.588912726666668274e-01
4.400502059771690400e-01 5.599497940228307380e-01
4.408351774332086581e-01 5.591648225667913419e-01
4.393491344125146081e-01 5.606508655874852254e-01
4.399955625763625755e-01 5.600044374236373690e-01
4.410531161698322267e-01 5.589468838301677733e-01
4.415593824472448525e-01 5.584406175527552030e-01
4.385110435167333121e-01 5.614889564832667990e-01
4.395411344411296883e-01 5.604588655588702562e-01
4.385578920169805328e-01 5.614421079830195227e-01
4.406884337184368561e-01 5.593115662815630884e-01
4.402482057383895198e-01 5.597517942616105913e-01
4.410802235890408651e-01 5.589197764109592459e-01
4.392016621448777136e-01 5.607983378551222309e-01
4.390529963080624931e-01 5.609470036919373959e-01
4.414433898255671895e-01 5.585566101744328105e-01
4.397735025803827802e-01 5.602264974196172753e-01
4.386483110541519737e-01 5.613516889458480819e-01
4.369027821194866323e-01 5.630972178805134787e-01
4.399080148462568562e-01 5.600919851537431438e-01
4.391602067493515782e-01 5.608397932506482553e-01
4.391162026341615676e-01 5.608837973658383769e-01
4.406946672159919309e-01 5.593053327840082911e-01
4.408688107196065409e-01 5.591311892803932926e-01
4.386315996132393313e-01 5.613684003867607242e-01
4.403165189858601614e-01 5.596834810141398941e-01
4.399255779407220679e-01 5.600744220592778211e-01
4.395304710552453420e-01 5.604695289447546580e-01
4.406330423319766432e-01 5.593669576680234679e-01
4.385009790758211401e-01 5.614990209241788044e-01
4.393727014757312643e-01 5.606272985242688467e-01
4.388618687455388412e-01 5.611381312544613253e-01
4.389777630791178997e-01 5.610222369208820448e-01
4.389237134788199213e-01 5.610762865211802453e-01
4.415651813964140970e-01 5.584348186035857919e-01
4.403443524506112094e-01 5.596556475493890126e-01
4.404767318140546672e-01 5.595232681859452217e-01
4.404548040405587561e-01 5.595451959594414104e-01
4.408443238754825022e-01 5.591556761245176643e-01
4.415554118023663488e-01 5.584445881976336512e-01
4.413353439240492171e-01 5.586646560759507274e-01
4.387977156505606935e-01 5.612022843494393065e-01
4.392116937350397654e-01 5.607883062649601236e-01
4.405382142892062536e-01 5.594617857107936354e-01
4.399314172453097083e-01 5.600685827546901807e-01
4.393746090356959733e-01 5.606253909643041933e-01
4.397787031510349554e-01 5.602212968489650446e-01
4.401168412713968303e-01 5.598831587286029476e-01
4.402223297699853211e-01 5.597776702300146789e-01
4.408154709679526495e-01 5.591845290320472950e-01
4.396684744598428063e-01 5.603315255401571937e-01
4.412971914004520380e-01 5.587028085995480176e-01
4.387582999811430184e-01 5.612417000188569816e-01
4.380823749771364795e-01 5.619176250228635761e-01
4.406129512866721609e-01 5.593870487133280056e-01
4.392384886471175642e-01 5.607615113528822137e-01
4.400044727892749030e-01 5.599955272107250970e-01
4.398650282243488085e-01 5.601349717756511915e-01
4.400274590519974716e-01 5.599725409480025284e-01
4.395246039936201443e-01 5.604753960063797447e-01
4.389779166646234909e-01 5.610220833353763981e-01
4.405532701067479406e-01 5.594467298932520594e-01
4.403569961038623082e-01 5.596430038961375253e-01
4.410344852137393357e-01 5.589655147862606643e-01
4.385822139667915343e-01 5.614177860332084657e-01
4.404327806506612153e-01 5.595672193493388402e-01
4.394373291504948820e-01 5.605626708495051735e-01
4.413236928672118475e-01 5.586763071327882635e-01
4.411418482628474136e-01 5.588581517371526974e-01
4.389929617338507173e-01 5.610070382661493937e-01
4.404856384993419138e-01 5.595143615006582527e-01
4.396157238762278818e-01 5.603842761237721737e-01
4.403549821573516376e-01 5.596450178426484179e-01
4.401142836773423439e-01 5.598857163226577116e-01
4.390684830558235774e-01 5.609315169441763116e-01
4.403663394816994536e-01 5.596336605183005464e-01
4.386061375945425889e-01 5.613938624054574111e-01
4.405655997066167395e-01 5.594344002933833160e-01
4.401413366750672185e-01 5.598586633249326150e-01
4.414168149665703145e-01 5.585831850334295190e-01
4.403668918884138250e-01 5.596331081115862860e-01
4.405339312388542039e-01 5.594660687611459071e-01
4.396025234891916544e-01 5.603974765108084011e-01
4.402053958759352681e-01 5.597946041240648984e-01
4.395103897789574554e-01 5.604896102210424891e-01
4.383680688267181380e-01 5.616319311732820285e-01
4.398715988052789849e-01 5.601284011947210706e-01
4.403633174302767905e-01 5.596366825697232095e-01
4.401759699256507230e-01 5.598240300743492215e-01
4.398881909136332924e-01 5.601118090863667076e-01
4.409529823535820459e-01 5.590470176464180652e-01
4.392271653178242419e-01 5.607728346821757581e-01
4.387879758731060842e-01 5.612120241268938603e-01
4.418415141939931456e-01 5.581584858060070209e-01
4.415977934373917502e-01 5.584022065626083053e-01
4.390645300544657736e-01 5.609354699455341153e-01
4.409807973186281038e-01 5.590192026813719517e-01
4.400972194197206311e-01 5.599027805802794244e-01
4.403966188925569902e-01 5.596033811074430098e-01
4.399040898535381272e-01 5.600959101464619838e-01
4.404508005230505785e-01 5.595491994769494770e-01
4.392636869374774156e-01 5.607363130625224734e-01
4.406181692552942897e-01 5.593818307447058213e-01
4.398740140136324084e-01 5.601259859863675361e-01
4.373666839392504890e-01 5.626333160607496220e-01
4.413361757427377574e-01 5.586638242572621316e-01
4.380105183414716996e-01 5.619894816585282449e-01
4.386011562578432943e-01 5.613988437421566502e-01
4.402126794383896535e-01 5.597873205616102910e-01
4.402572878260833100e-01 5.597427121739166900e-01
4.386437393103184701e-01 5.613562606896816964e-01
4.408981934708081085e-01 5.591018065291919470e-01
4.403272675629368305e-01 5.596727324370632806e-01
4.415278266551188602e-01 5.584721733448809733e-01
4.399002835694114100e-01 5.600997164305885345e-01
4.421608167765734843e-01 5.578391832234265157e-01
4.390673330924911855e-01 5.609326669075088700e-01
4.397221185440290947e-01 5.602778814559710163e-01
4.413082743235737793e-01 5.586917256764263318e-01
4.400350840208467340e-01 5.599649159791532105e-01
4.408919424669648368e-01 5.591080575330353852e-01
4.406579099182600934e-01 5.593420900817398511e-01
4.381384001985809684e-01 5.618615998014190316e-01
4.406445151247007641e-01 5.593554848752992914e-01
4.403660492667345605e-01 5.596339507332652730e-01
4.380477059428580788e-01 5.619522940571418657e-01
4.408345210300406158e-01 5.591654789699593842e-01
4.404452248000522707e-01 5.595547751999476738e-01
4.393340402361716190e-01 5.606659597638284920e-01
4.412865358613567435e-01 5.587134641386433120e-01
4.405339964260673868e-01 5.594660035739325021e-01
4.400575020757152012e-01 5.599424979242848543e-01
4.388136789940794147e-01 5.611863210059204743e-01
4.398028321901915061e-01 5.601971678098084384e-01
4.401108939423167277e-01 5.598891060576831613e-01
4.402269814008129001e-01 5.597730185991869334e-01
4.403233548587185964e-01 5.596766451412813481e-01
4.395378958602096375e-01 5.604621041397904735e-01
4.390285712880322988e-01 5.609714287119677012e-01
4.399460835412841719e-01 5.600539164587157170e-01
4.399294409767400826e-01 5.600705590232599729e-01
4.397281971710950144e-01 5.602718028289049856e-01
4.405777854939814664e-01 5.594222145060187001e-01
4.394170443915352275e-01 5.605829556084649390e-01
4.398536465367137160e-01 5.601463534632863395e-01
4.404231154113339430e-01 5.595768845886661680e-01
4.423947708596605577e-01 5.576052291403396088e-01
4.390158436792233609e-01 5.609841563207765835e-01
4.409837129952087764e-01 5.590162870047911126e-01
4.389394454075839502e-01 5.610605545924158832e-01
4.407609194993820645e-01 5.592390805006178800e-01
4.401873546857563158e-01 5.598126453142436842e-01
4.376479017375990987e-01 5.623520982624009568e-01
4.407037551587688062e-01 5.592962448412311938e-01
4.399250744424603732e-01 5.600749255575397934e-01
4.411786929635477250e-01 5.588213070364523860e-01
4.392637018359207834e-01 5.607362981640791055e-01
4.375401223176417220e-01 5.624598776823583890e-01
4.402922506238965417e-01 5.597077493761033473e-01
4.409769395002798298e-01 5.590230604997201702e-01
4.402067029467885972e-01 5.597932970532112362e-01
4.408301203670662027e-01 5.591698796329336307e-01
4.403067816631561215e-01 5.596932183368438229e-01
4.407918782492973864e-01 5.592081217507025581e-01
4.410177807744856127e-01 5.589822192255143873e-01
4.407349905497507936e-01 5.592650094502490399e-01
4.379259082862219654e-01 5.620740917137779791e-01
4.397714543645658836e-01 5.602285456354338944e-01
4.384457746556524316e-01 5.615542253443476239e-01
4.395286199953121198e-01 5.604713800046876582e-01
4.400435533522571441e-01 5.599564466477430225e-01
4.391998231778908024e-01 5.608001768221092531e-01
4.412893536739859734e-01 5.587106463260139710e-01
4.394722608329295066e-01 5.605277391670704379e-01
4.400983503231752358e-01 5.599016496768247642e-01
4.402826364614432775e-01 5.597173635385567225e-01
4.395809860673891567e-01 5.604190139326110653e-01
4.417343984710581095e-01 5.582656015289418905e-01
4.402367174705875685e-01 5.597632825294123204e-01
4.392865692119829468e-01 5.607134307880170532e-01
4.400290722220953077e-01 5.599709277779048033e-01
4.395875444026733914e-01 5.604124555973266641e-01
4.388196495352973958e-01 5.611803504647024932e-01
4.386988546697049296e-01 5.613011453302949594e-01
4.410167393007394243e-01 5.589832606992607422e-01
4.398898547210847165e-01 5.601101452789152280e-01
4.391681974991768489e-01 5.608318025008232066e-01
4.418221008837284747e-01 5.581778991162716919e-01
4.387631014118781869e-01 5.612368985881217576e-01
4.413385549402635832e-01 5.586614450597364723e-01
4.406310434473262871e-01 5.593689565526737129e-01
4.410466596569396214e-01 5.589533403430604341e-01
4.410847399187617923e-01 5.589152600812382632e-01
4.394690637477632889e-01 5.605309362522368222e-01
4.419919077674769325e-01 5.580080922325230119e-01
4.398074757420201153e-01 5.601925242579798292e-01
4.394423563235354546e-01 5.605576436764646564e-01
4.382889352513359982e-01 5.617110647486640573e-01
4.390216085914929178e-01 5.609783914085072487e-01
4.399165175906828429e-01 5.600834824093171571e-01
4.415317978116592990e-01 5.584682021883405900e-01
4.403673674265518034e-01 5.596326325734483076e-01
4.386150667596983577e-01 5.613849332403016978e-01
4.400624342750941165e-01 5.599375657249059390e-01
4.410555792700840416e-01 5.589444207299161249e-01
4.390436411972139519e-01 5.609563588027859371e-01
4.408247500873777036e-01 5.591752499126224629e-01
4.399575402729403728e-01 5.600424597270595717e-01
4.391889768175600839e-01 5.608110231824399161e-01
4.400997798927522298e-01 5.599002201072478258e-01
4.394837448680663505e-01 5.605162551319338160e-01
4.385483458209452623e-01 5.614516541790548487e-01
4.388423881465525755e-01 5.611576118534474800e-01
4.406904358942286271e-01 5.593095641057713729e-01
4.395329564141252643e-01 5.604670435858746247e-01
4.395931042608348105e-01 5.604068957391653560e-01
4.388435769894329930e-01 5.611564230105670070e-01
4.409544734620131079e-01 5.590455265379868921e-01
4.398921157861530040e-01 5.601078842138471625e-01
4.374199288941888475e-01 5.625800711058110970e-01
4.409105938886214715e-01 5.590894061113784730e-01
4.400057105928876222e-01 5.599942894071124888e-01
4.399210729287971189e-01 5.600789270712029921e-01
4.379103815975571301e-01 5.620896184024429809e-01
4.400944544544069248e-01 5.599055455455929087e-01
4.397163567864928457e-01 5.602836432135070988e-01
4.400321586379559724e-01 5.599678413620440276e-01
4.401997783356353389e-01 5.598002216643646056e-01
4.394642362374566735e-01 5.605357637625434375e-01
4.393009784796453321e-01 5.606990215203546679e-01
4.411230200340855445e-01 5.588769799659145665e-01
4.406960525308680210e-01 5.593039474691319235e-01
4.409758228312903872e-01 5.590241771687096684e-01
4.426580473487824463e-01 5.573419526512177757e-01
4.403337908254432165e-01 5.596662091745567835e-01
4.398245875867450860e-01 5.601754124132549695e-01
4.395277268382427605e-01 5.604722731617571840e-01
4.401906773863001332e-01 5.598093226136996448e-01
4.395358353116303185e-01 5.604641646883696815e-01
4.396930541725644348e-01 5.603069458274355652e-01
4.380071104064455767e-01 5.619928895935546453e-01
4.385708605869576560e-01 5.614291394130423996e-01
4.383257521282463709e-01 5.616742478717536846e-01
4.401441902422792984e-01 5.598558097577206460e-01
4.400735475032564459e-01 5.599264524967435541e-01
4.405500837202971920e-01 5.594499162797028635e-01
4.407459567158393821e-01 5.592540432841607290e-01
4.391598688580284349e-01 5.608401311419716206e-01
4.405355059412219276e-01 5.594644940587780724e-01
4.392805829884792734e-01 5.607194170115208376e-01
4.386978209326770628e-01 5.613021790673229372e-01
4.387991012498934085e-01 5.612008987501064805e-01
4.385953330212022938e-01 5.614046669787978727e-01
4.396229882204041872e-01 5.603770117795958683e-01
4.413413824611334135e-01 5.586586175388666975e-01
4.410149667540240737e-01 5.589850332459759263e-01
4.394297765995524019e-01 5.605702234004474871e-01
4.372403784840532270e-01 5.627596215159467175e-01
4.412732062602765515e-01 5.587267937397234485e-01
4.422492906587105477e-01 5.577507093412894523e-01
4.402222002464535322e-01 5.597777997535464678e-01
4.400137065065365949e-01 5.599862934934635161e-01
4.398955644571106993e-01 5.601044355428892452e-01
4.387328823581801984e-01 5.612671176418198016e-01
4.395133435381108344e-01 5.604866564618891100e-01
4.394966615345617389e-01 5.605033384654383166e-01
4.392160700863136924e-01 5.607839299136863076e-01
4.393439818629190641e-01 5.606560181370808804e-01
4.401039175709082207e-01 5.598960824290917238e-01
4.391073047062750700e-01 5.608926952937249855e-01
4.396228282647145491e-01 5.603771717352855619e-01
4.392139104273740657e-01 5.607860895726259898e-01
4.397344300881037560e-01 5.602655699118962440e-01
4.402694921972500341e-01 5.597305078027499103e-01
4.402811109314122007e-01 5.597188890685876883e-01
4.401320420492247920e-01 5.598679579507752635e-01
4.389532489425621020e-01 5.610467510574377314e-01
4.396384152832487069e-01 5.603615847167512376e-01
4.400183542149607718e-01 5.599816457850391727e-01
4.396340091151056950e-01 5.603659908848941384e-01
4.396106438453513121e-01 5.603893561546486879e-01
4.407388368221581976e-01 5.592611631778419135e-01
4.393519730244873078e-01 5.606480269755126367e-01
4.394666169587180260e-01 5.605333830412818630e-01
4.399088316677555732e-01 5.600911683322442602e-01
4.398179629191903417e-01 5.601820370808094918e-01
4.376632061614513236e-01 5.623367938385486209e-01
4.418466907740444261e-01 5.581533092259552964e-01
4.397968491004003444e-01 5.602031508995997111e-01
4.398201643093724300e-01 5.601798356906275700e-01
4.389024481252799537e-01 5.610975518747201018e-01
4.403187710701079727e-01 5.596812289298921383e-01
4.402229236918892008e-01 5.597770763081107992e-01
4.395518529146735243e-01 5.604481470853264202e-01
4.413160826171472206e-01 5.586839173828527239e-01
4.401071383250100277e-01 5.598928616749900833e-01
4.383049989959718618e-01 5.616950010040282493e-01
4.385628718609700383e-01 5.614371281390297952e-01
4.405444697456183389e-01 5.594555302543816611e-01
4.406790820055528357e-01 5.593209179944470533e-01
4.394074222257047801e-01 5.605925777742952754e-01
4.389646803198834490e-01 5.610353196801164399e-01
4.408810139967215824e-01 5.591189860032783621e-01
4.389637399907023729e-01 5.610362600092977381e-01
4.408925903007001601e-01 5.591074096992998399e-01
4.394151519144572360e-01 5.605848480855428750e-01
4.406025279150130314e-01 5.593974720849870241e-01
4.375263879980942905e-01 5.624736120019057095e-01
4.403022153606167000e-01 5.596977846393831335e-01
4.386912998173219669e-01 5.613087001826780886e-01
4.416714907647993904e-01 5.583285092352007206e-01
4.392789408352432701e-01 5.607210591647567854e-01
4.419824593142570035e-01 5.580175406857428300e-01
4.397014406739384595e-01 5.602985593260616515e-01
4.391079346403790606e-01 5.608920653596208838e-01
4.396858121134529784e-01 5.603141878865471881e-01
4.388453014508971739e-01 5.611546985491028261e-01
4.400059437622202974e-01 5.599940562377797582e-01
4.400348512182018501e-01 5.599651487817981499e-01
4.406569754419618068e-01 5.593430245580384153e-01
4.390515594411348310e-01 5.609484405588651690e-01
4.392424869430960888e-01 5.607575130569040223e-01
4.409959149870265049e-01 5.590040850129733840e-01
4.398929605411268096e-01 5.601070394588733015e-01
4.401610070726087454e-01 5.598389929273913657e-01
4.405043522232013342e-01 5.594956477767984993e-01
4.404983826299929683e-01 5.595016173700070317e-01
4.407881274124711979e-01 5.592118725875288021e-01
4.401151705689711480e-01 5.598848294310286855e-01
4.401770683937452078e-01 5.598229316062547367e-01
4.389927973848824494e-01 5.610072026151176061e-01
4.401536279460931400e-01 5.598463720539068600e-01
4.395329367689517208e-01 5.604670632310484457e-01
4.409184158588546620e-01 5.590815841411451714e-01
4.382206906774662181e-01 5.617793093225337264e-01
4.399775654015247728e-01 5.600224345984751162e-01
4.397554011948949237e-01 5.602445988051051318e-01
4.399953560761362126e-01 5.600046439238637319e-01
4.405977616290745469e-01 5.594022383709252866e-01
4.399015510443528010e-01 5.600984489556470880e-01
4.367440128853377068e-01 5.632559871146625152e-01
4.395546243768797545e-01 5.604453756231202455e-01
4.393247024038792192e-01 5.606752975961207808e-01
4.393582800299313806e-01 5.606417199700686194e-01
4.415641992458122500e-01 5.584358007541877500e-01
4.403048557556841769e-01 5.596951442443157676e-01
4.407850465314349098e-01 5.592149534685650902e-01
4.398324176770304073e-01 5.601675823229695927e-01
4.406209800547923883e-01 5.593790199452076672e-01
4.393855612073609418e-01 5.606144387926390582e-01
4.382425246705269894e-01 5.617574753294727330e-01
4.400605537332567541e-01 5.599394462667433015e-01
4.381567235834356033e-01 5.618432764165645077e-01
4.381770793469476066e-01 5.618229206530523934e-01
4.387084383533270127e-01 5.612915616466729318e-01
4.413571213775848712e-01 5.586428786224150178e-01
4.385113812741855965e-01 5.614886187258141259e-01
4.389612436779887217e-01 5.610387563220112783e-01
4.405037579304837969e-01 5.594962420695162031e-01
4.388878681363133083e-01 5.611121318636866917e-01
4.412707986361051882e-01 5.587292013638949228e-01
4.402243776540213371e-01 5.597756223459787739e-01
4.400511433425106644e-01 5.599488566574892801e-01
4.386789023966765066e-01 5.613210976033236044e-01
4.399197367323371410e-01 5.600802632676630255e-01
4.390294390867355290e-01 5.609705609132644710e-01
4.390145578528465431e-01 5.609854421471534014e-01
4.405941894536640202e-01 5.594058105463359798e-01
4.387938710086559113e-01 5.612061289913440332e-01
4.399501477425492579e-01 5.600498522574507421e-01
4.397612307971748291e-01 5.602387692028252264e-01
4.402591420826540980e-01 5.597408579173458465e-01
4.392239897975768748e-01 5.607760102024232918e-01
4.392737675953225507e-01 5.607262324046774493e-01
4.392683747160011642e-01 5.607316252839990023e-01
4.407388680702036265e-01 5.592611319297964290e-01
4.397821027701290797e-01 5.602178972298710313e-01
4.414775733675221914e-01 5.585224266324779752e-01
4.416988959029680140e-01 5.583011040970321526e-01
4.394019742693727748e-01 5.605980257306272252e-01
4.400300685222223174e-01 5.599699314777776271e-01
4.403494345889314987e-01 5.596505654110685013e-01
4.406665885431123586e-01 5.593334114568877524e-01
4.398326264491589921e-01 5.601673735508410079e-01
4.388659856774412837e-01 5.611340143225587163e-01
4.394820167780201792e-01 5.605179832219798763e-01
4.403157404170318645e-01 5.596842595829681910e-01
4.402694524979665625e-01 5.597305475020334375e-01
4.385104354085182510e-01 5.614895645914815825e-01
4.404998731184312510e-01 5.595001268815689155e-01
4.389637284019881625e-01 5.610362715980116155e-01
4.390316933215809847e-01 5.609683066784190153e-01
4.396682681570366902e-01 5.603317318429631433e-01
4.380801059525429864e-01 5.619198940474570136e-01
4.406406385161911188e-01 5.593593614838088257e-01
4.390124440631549274e-01 5.609875559368451281e-01
4.395063890956190655e-01 5.604936109043808790e-01
4.400954560463989362e-01 5.599045439536011193e-01
4.398354167517050106e-01 5.601645832482949894e-01
4.400535272779013130e-01 5.599464727220985205e-01
4.396816705991458130e-01 5.603183294008541315e-01
4.414361860412745475e-01 5.585638139587254525e-01
4.378836200354397912e-01 5.621163799645603198e-01
4.395745270642600344e-01 5.604254729357399656e-01
4.400213892224622558e-01 5.599786107775378552e-01
4.396856425640376931e-01 5.603143574359622514e-01
4.396427374464393356e-01 5.603572625535605534e-01
4.380160121203630075e-01 5.619839878796369925e-01
4.401795145023689182e-01 5.598204854976310818e-01
4.402010302199996783e-01 5.597989697800003217e-01
4.395777074573740673e-01 5.604222925426259883e-01
4.414657417172982989e-01 5.585342582827016455e-01
4.395788392552027468e-01 5.604211607447974197e-01
4.382710152972151829e-01 5.617289847027848726e-01
4.400272734101431382e-01 5.599727265898569728e-01
4.398196661565171306e-01 5.601803338434826474e-01
4.416909910226480274e-01 5.583090089773521392e-01
4.400395079796341480e-01 5.599604920203659075e-01
4.405246049516705620e-01 5.594753950483294380e-01
4.394196277662690275e-01 5.605803722337309170e-01
4.413650708678801271e-01 5.586349291321196509e-01
4.416006471520208532e-01 5.583993528479792579e-01
4.386878735226974468e-01 5.613121264773026642e-01
4.422484309221187959e-01 5.577515690778812596e-01
4.410543482559959871e-01 5.589456517440039018e-01
4.410110438846943648e-01 5.589889561153056352e-01
4.386452778929782470e-01 5.613547221070215310e-01
4.390858726246260613e-01 5.609141273753739387e-01
4.401854283942849277e-01 5.598145716057151278e-01
4.382104970705080760e-01 5.617895029294919240e-01
4.395080966618590268e-01 5.604919033381410287e-01
4.409395962516679535e-01 5.590604037483318800e-01
4.392572583482704518e-01 5.607427416517293262e-01
4.407384090175975322e-01 5.592615909824025788e-01
4.391227733637069197e-01 5.608772266362930248e-01
4.404218058662149882e-01 5.595781941337850673e-01
4.400895180367074278e-01 5.599104819632926278e-01
4.404997044532162342e-01 5.595002955467837102e-01
4.375776894098827863e-01 5.624223105901171582e-01
4.394658874549987604e-01 5.605341125450012951e-01
4.386801001554972990e-01 5.613198998445027010e-01
4.381463602273273361e-01 5.618536397726727749e-01
4.406062305333582896e-01 5.593937694666419880e-01
4.402219804097391442e-01 5.597780195902608558e-01
4.396445720272073032e-01 5.603554279727926968e-01
4.384741472029075049e-01 5.615258527970924396e-01
4.395510363609225757e-01 5.604489636390774798e-01
4.399035290846463053e-01 5.600964709153537502e-01
4.412645719984806258e-01 5.587354280015195407e-01
4.408236778962397739e-01 5.591763221037603371e-01
4.403617328652335572e-01 5.596382671347664983e-01
4.389915824139083989e-01 5.610084175860915456e-01
4.416440120918035950e-01 5.583559879081964050e-01
4.388795293303497380e-01 5.611204706696502065e-01
4.407624734938158650e-01 5.592375265061841905e-01
4.396350054437954125e-01 5.603649945562044765e-01
4.412495109184578213e-01 5.587504890815423453e-01
4.391072912339722967e-01 5.608927087660278143e-01
4.405383970427118046e-01 5.594616029572881954e-01
4.385847184594780512e-01 5.614152815405216712e-01
4.428228212962594390e-01 5.571771787037403945e-01
4.396645170850200790e-01 5.603354829149800320e-01
4.408933830032041867e-01 5.591066169967957578e-01
4.393450457080612659e-01 5.606549542919387896e-01
4.400244378831876801e-01 5.599755621168122088e-01
4.380924247771168512e-01 5.619075752228830378e-01
4.409162886929465786e-01 5.590837113070534770e-01
4.396456452888335975e-01 5.603543547111663470e-01
4.411523100431795630e-01 5.588476899568203260e-01
4.391918809202394192e-01 5.608081190797606919e-01
4.398924504545614345e-01 5.601075495454383990e-01
4.383207895558650646e-01 5.616792104441349354e-01
4.408448627619688809e-01 5.591551372380310081e-01
4.402960499222426938e-01 5.597039500777574172e-01
4.392309536680562565e-01 5.607690463319437990e-01
4.398114887036772003e-01 5.601885112963228552e-01
4.383054211917908893e-01 5.616945788082090552e-01
4.401790703323604781e-01 5.598209296676394109e-01
4.416185022559490636e-01 5.583814977440507699e-01
4.414358399093179508e-01 5.585641600906819937e-01
4.402628847420845815e-01 5.597371152579154741e-01
4.407870241437191750e-01 5.592129758562809361e-01
4.380681117697337590e-01 5.619318882302661855e-01
4.426256285169326565e-01 5.573743714830673435e-01
4.401926249560041970e-01 5.598073750439956919e-01
4.416360201864311108e-01 5.583639798135690002e-01
4.407839934413217975e-01 5.592160065586780915e-01
4.388241944284616003e-01 5.611758055715383442e-01
4.400481976844555776e-01 5.599518023155444224e-01
4.411033938441122904e-01 5.588966061558877652e-01
4.396092977742472319e-01 5.603907022257528237e-01
4.413922262623489745e-01 5.586077737376511365e-01
4.407757378960465156e-01 5.592242621039535955e-01
4.383983854200936836e-01 5.616016145799064274e-01
4.411669596874134291e-01 5.588330403125867374e-01
4.404649624355753690e-01 5.595350375644245755e-01
4.395992628715822415e-01 5.604007371284177585e-01
4.399987668841577326e-01 5.600012331158422674e-01
4.395016224337033872e-01 5.604983775662963907e-01
4.397292511717137420e-01 5.602707488282862025e-01
4.400109919752314136e-01 5.599890080247686974e-01
4.408732660439800277e-01 5.591267339560199723e-01
4.394623646957188656e-01 5.605376353042812454e-01
4.389472715539362579e-01 5.610527284460639086e-01
4.393277855449752578e-01 5.606722144550245757e-01
4.387839944493515665e-01 5.612160055506485445e-01
4.397925566348653281e-01 5.602074433651349494e-01
4.385574598767764676e-01 5.614425401232235879e-01
4.404138146931660391e-01 5.595861853068342384e-01
4.396517984991764050e-01 5.603482015008235395e-01
4.406215801752891292e-01 5.593784198247108153e-01
4.397305382428940423e-01 5.602694617571060132e-01
4.401450151280665857e-01 5.598549848719334143e-01
4.391229657145540033e-01 5.608770342854458857e-01
4.405227472671635613e-01 5.594772527328364387e-01
4.403310734198635501e-01 5.596689265801363389e-01
4.394990670957233392e-01 5.605009329042768274e-01
4.399636326726622526e-01 5.600363673273377474e-01
4.410372504194643994e-01 5.589627495805357116e-01
4.394006881240819506e-01 5.605993118759179383e-01
4.418171079397034684e-01 5.581828920602965871e-01
4.393762727619137665e-01 5.606237272380862890e-01
4.394703705840502517e-01 5.605296294159497483e-01
4.396940542942264218e-01 5.603059457057736337e-01
4.390336326766868247e-01 5.609663673233132863e-01
4.395903644350542816e-01 5.604096355649456074e-01
4.395963948072735827e-01 5.604036051927261397e-01
4.398794093971626351e-01 5.601205906028372539e-01
4.415663053429707552e-01 5.584336946570291893e-01
4.394309062076033334e-01 5.605690937923965000e-01
4.396484896367739981e-01 5.603515103632261685e-01
4.400609527138885091e-01 5.599390472861116574e-01
4.396219017266693729e-01 5.603780982733305160e-01
4.403060574868872257e-01 5.596939425131127743e-01
4.401233288107051500e-01 5.598766711892948500e-01
4.414384519822742159e-01 5.585615480177257286e-01
4.402457531614854536e-01 5.597542468385143799e-01
4.398327958029182860e-01 5.601672041970815474e-01
4.428336008265225665e-01 5.571663991734775445e-01
4.399250615935154651e-01 5.600749384064845904e-01
4.405290697633605368e-01 5.594709302366395187e-01
4.406657747269816516e-01 5.593342252730183484e-01
4.372130312289261855e-01 5.627869687710738145e-01
4.396981261658935991e-01 5.603018738341064564e-01
4.393056721663016750e-01 5.606943278336983250e-01
4.392733880216369569e-01 5.607266119783631542e-01
4.405479544000123759e-01 5.594520455999876241e-01
4.393030400567314864e-01 5.606969599432685136e-01
4.409775688304266028e-01 5.590224311695733972e-01
4.395629124130756016e-01 5.604370875869242319e-01
4.396722908012213327e-01 5.603277091987787228e-01
4.397584360183086072e-01 5.602415639816913373e-01
4.395526596459328195e-01 5.604473403540671805e-01
4.395211087079891610e-01 5.604788912920107835e-01
4.401877807685867783e-01 5.598122192314133327e-01
4.384359838492484229e-01 5.615640161507513550e-01
4.421299748805762597e-01 5.578700251194237403e-01
4.399686225008979656e-01 5.600313774991020344e-01
4.404006778102703135e-01 5.595993221897297420e-01
4.400298663276999145e-01 5.599701336723000855e-01
4.407981839692854398e-01 5.592018160307145047e-01
4.402466361469792311e-01 5.597533638530208799e-01
4.402497199047074039e-01 5.597502800952925961e-01
4.396062627180932769e-01 5.603937372819067786e-01
